ansver
x1=3.02184
x2=5.95632
x3=1.13377
x4=-0.746929
